,date_UTC,Percent_Day_Change_TSLA,Volume_TSLA,Percent_Day_Change_SPY,Volume_SPY,tweet_counts,Percent_Day_Change_TSLA_encode
0,2021-11-02 14:00:00,3.9521082460000003,20277111,0.17810758798644244,9882061,179.0,1
1,2021-11-02 15:00:00,-2.082435738,5034709,0.12358686152165176,6020298,102.0,0
2,2021-11-02 16:00:00,-1.228812746,3998159,-0.02165618607270492,5203568,96.0,0
3,2021-11-02 17:00:00,0.299882724,3864811,-0.032493915983533565,3618503,49.0,1
4,2021-11-02 18:00:00,-0.08791219800000001,1840610,0.0010581452816182946,4870370,32.0,0
5,2021-11-02 19:00:00,1.278729093,3826987,0.07692717723686293,4620265,41.0,1
6,2021-11-02 20:00:00,-0.690680035,3046783,0.015159663505692757,8289455,42.0,0
7,2021-11-03 14:00:00,-0.023658916000000002,8041885,0.008674503450833981,7128513,34.0,0
8,2021-11-03 15:00:00,-0.779992895,2548236,-0.014092670223575519,3168620,22.0,0
9,2021-11-03 16:00:00,-0.255258178,3836632,0.039027878928088455,2195879,33.0,0
10,2021-11-03 17:00:00,0.584362736,3803781,-0.018421139663327143,1755537,28.0,1
11,2021-11-03 18:00:00,-0.244188319,2856812,0.22978983696988475,8598542,19.0,0
12,2021-11-03 19:00:00,2.017891792,7777992,0.4041856517492892,11094897,16.0,1
13,2021-11-03 20:00:00,1.31332419,3932824,0.10555332635298063,11300456,51.0,1
14,2021-11-04 14:00:00,-0.138821218,8598134,0.2793575622031197,9861088,90.0,0
15,2021-11-04 15:00:00,-0.415374985,3846857,-0.28927876161460864,7274648,49.0,0
16,2021-11-04 16:00:00,0.905898192,3879996,0.1321673124193845,5452042,36.0,1
17,2021-11-04 17:00:00,-0.290538528,1960785,0.025752236112119853,3494109,27.0,0
18,2021-11-04 18:00:00,-0.016182778999999998,2038975,-0.004288751769598864,6397705,27.0,0
19,2021-11-04 19:00:00,-0.594016564,2175368,-0.017162290839078942,4923922,19.0,0
20,2021-11-04 20:00:00,0.10012051,2221688,0.19099437049920895,8914764,21.0,1
21,2021-11-05 14:00:00,0.240224037,6835874,0.1683806976543023,14141159,42.0,1
22,2021-11-05 15:00:00,-0.15028371599999998,2512527,-0.07660401051248211,5333947,18.0,0
23,2021-11-05 16:00:00,0.42635863,1479143,-0.021296018359417968,7350672,24.0,1
24,2021-11-05 17:00:00,-0.9005415990000001,3527066,-0.5452720210958661,6648527,27.0,0
25,2021-11-05 18:00:00,0.502862062,1685170,0.3662266291477368,7899098,24.0,1
26,2021-11-05 19:00:00,-0.657377318,2549845,-0.04697918376599386,4844305,21.0,0
27,2021-11-05 20:00:00,0.031980911,2435693,0.049113839310144236,11268430,15.0,1
